пример 1:

                    ->          0 0 0 0 0 
                    ->           0 0 0 0 0
                    ->          0 0 0 0 0 
                    ->           0 0 0 0 0
                    ->          0 0 0 0 0 
 0 0 0 0 0          ->           0 0 0 0 0
0 0 0 0 0           ->          0 0 0 0 0 
 0 0 0 0 0          ->           0 0 0 0 0
0 0 0 0 0           ->          0 0 0 0 0 
 0 0 0 0 0          ->           0 0 0 0 0

-------------------------

пример 2:

000 0    0          ->          00  00  00
 0  000 00          ->          00  00  00
  0 0 00 0          ->            00  00  
 000   0            ->            00  00  
00  0  000          ->          00  00  00
 0 000   0          ->          00  00  00
0 00  0  0          ->            00  00  
   0 000            ->            00  00  
00 000  0           ->          00  00  00
 0  0  000          ->          00  00  00

-------------------------

пример 3:

00000               ->          00000     
0   0 000           ->          00000     
0   0 000           ->          00000     
0   0 000           ->          00000     
00000               ->          00000     
     00000          ->               00000
 000 0   0          ->               00000
 000 0   0          ->               00000
 000 0   0          ->               00000
     00000          ->               00000

-------------------------

пример 4:

0  0000  0          ->          0  0  0  0
00  0000            ->           0  0  0  
000  0000           ->            0  0  0 
0000  0000          ->          0  0  0  0
 0000  000          ->           0  0  0  
  0000  00          ->            0  0  0 
0  0000  0          ->          0  0  0  0
00  0000            ->           0  0  0  
000  0000           ->            0  0  0 
0000  0000          ->          0  0  0  0

-------------------------

пример 5:

0000000000          ->          0000000000
0        0          ->          0        0
0        0          ->          0 000000 0
0        0          ->          0 0    0 0
0   00   0          ->          0 0 00 0 0
0   00   0          ->          0 0 00 0 0
0        0          ->          0 0    0 0
0        0          ->          0 000000 0
0        0          ->          0        0
0000000000          ->          0000000000

-------------------------

